0.363800,0.497876,0.681976,0.695957,0.646410,0.598601,0.407620,0.265709,0.102013,0.036721,0.052354,0.128134,0.233439,0.404981,0.576291,0.692038,0.727461,0.677362,0.534302,0.375410,0.226819,0.123262,0.013682,0.050168,0.139892,0.297939,0.411157,0.596141,0.648231,0.700207,0.636742,0.551305,0.368372,0.518763,0.400463,0.312902,0.351079,0.475320,0.632773,0.791691,0.919983,0.978867,0.985550,0.954483,0.791137,0.623858,0.504473,0.354184,0.357131,0.352933,0.503199,0.639556,0.774335,0.917858,0.976006,1.000000,0.903563,0.793937,0.638761,0.435372,0.322940,0.305141,0.353111,0.528135,0.357700,0.524825,0.664536,0.676850,0.660417,0.553472,0.413812,0.285391,0.103859,0.045144,0.000039,0.088131,0.248792,0.372362,0.584132,0.685107,0.718162,0.678700,0.578238,0.366493,0.256487,0.103582,0.000000,0.066218,0.135423,0.285458,0.413455,0.582231,0.695821,0.719263,0.651790,0.558747,0.352670,0.190951,0.049452,0.016407,0.030816,0.176687,0.303128,0.476366,0.603992,0.706660,0.730436,0.599636,0.466706,0.315858,0.200331,0.038943,0.025976,0.089967,0.203653,0.348551,0.494853,0.638080,0.669970,0.718873,0.579636,0.446038,0.262390,0.135302,0.072942,0.040163,0.098645,0.194631